50 30
12 12 12 12 12 12 12 12 12 12 12 12 12 12 12 12 12 12 12 12 12 12 12 12 12 12 12 12 12 12 12 12 12 12 12 12 12 12 12 12 12 12 12 12 12 12 12 12 12 12
12 12 12 12 12 12 12 12 12 12 12 12 12 12 12 12 12 12 12 12 12 12 12 12 12 12 12 12 12 12 12 12 12 12 12 12 12 12 12 12 12 12 12 12 12 12 12 12 12 12
12 12 12 12 12 12 12 12 12 12 12 12 12 12 12 12 12 12 12 12 12 12 12 12 12 12 12 12 12 12 12 12 12 12 12 12 12 12 12 12 12 12 12 12 12 12 12 12 12 12
12 12 12 12 12 12 12 12 12 12 12 12 12 12 12 12 12 12 12 12 12 12 12 12 12 12 12 12 12 12 12 12 12 12 12 12 12 12 12 12 12 12 12 12 12 12 12 12 12 12
12 12 12 12 12 12 12 12 12 12 12 12 12 12 12 12 12 12 12 12 12 12 12 12 12 12 12 12 12 12 12 12 12 12 12 12 12 12 12 12 12 12 12 12 12 12 12 12 12 12
12 12 12 12 12 12 12 12 12 12 12 12 12 12 12 12 12 12 12 12 12 12 12 12 12 12 12 12 12 12 12 12 12 12 12 12 12 12 12 12 12 12 12 12 12 12 12 12 12 12
12 12 13 12 12 12 12 12 13 12 12 12 12 13 12 12 12 12 12 12 12 12 12 13 12 12 12 12 12 12 12 12 12 12 12 12 12 12 12 12 12 12 12 12 12 12 12 12 12 12
12 12 12 12 13 12 12 12 12 12 12 12 12 12 12 12 12 12 13 12 12 12 12 12 12 12 12 12 12 12 12 12 12 12 12 12 12 12 12 12 12 12 12 12 12 12 13 12 12 12
12 12 12 12 12 13 12 12 12 12 13 12 12 12 13 12 12 12 12 12 12 12 12 12 12 13 12 12 12 12 12 12 12 12 12 12 13 12 12 12 12 12 12 12 12 12 12 12 12 12
11 11 11 11 11 11 11 11 11 13 11 11 11 11 11 11 13 11 11 11 11 11 11 11 11 13 11 11 11 11 11 11 11 11 11 11 11 11 11 11 11 11 11 11 11 11 11 11 11 11
11 13 11 11 10 0 0 0 11 11 11 11 13 11 11 11 11 11 11 11 11 11 11 11 11 11 11 11 13 11 11 11 13 11 11 13 11 11 11 11 11 11 13 11 11 13 11 11 11 11
11 11 11 11 2 1 1 1 11 11 11 11 11 11 11 13 11 11 13 11 11 11 13 11 11 13 11 11 11 11 11 11 11 11 11 11 11 11 13 11 11 11 11 11 11 11 11 11 11 11
11 11 11 11 2 1 1 1 11 11 11 11 11 11 10 11 11 11 11 11 11 11 11 11 11 11 11 11 13 11 11 11 11 11 11 11 11 11 11 11 11 11 11 11 11 11 11 11 11 11
11 11 11 11 2 1 1 1 11 11 11 11 11 11 2 11 11 11 11 11 13 11 11 11 11 11 11 11 11 11 11 11 13 11 11 11 13 11 11 11 11 11 11 13 11 11 11 11 11 11
13 11 11 11 9 0 0 0 3 11 11 11 11 11 2 11 11 11 11 11 11 11 11 11 11 11 11 11 11 11 11 11 11 11 11 11 11 11 11 11 13 11 11 11 11 11 13 11 11 11
11 11 11 11 11 7 7 7 1 3 11 11 11 11 0 0 0 10 11 13 11 11 11 11 11 11 11 11 13 11 11 13 11 11 11 11 13 11 11 11 11 11 11 11 11 11 11 11 11 11
11 11 11 11 11 11 7 7 7 1 3 11 11 11 1 1 1 2 11 11 11 11 11 11 11 11 11 11 11 11 11 11 11 11 11 11 11 11 11 11 11 11 11 13 11 11 11 11 11 11
11 13 11 11 11 11 11 11 7 7 1 3 11 11 1 1 1 2 11 11 11 11 11 11 11 11 11 13 11 11 11 11 11 11 11 11 11 11 11 11 13 11 11 11 11 11 11 11 11 11
11 11 11 11 11 11 11 13 11 7 7 1 3 11 1 1 1 2 11 13 11 11 11 11 11 11 11 11 11 11 11 11 11 13 11 11 11 13 11 11 11 11 11 11 11 11 11 13 11 11
13 11 11 11 11 11 11 11 11 11 7 7 7 10 1 1 1 2 11 11 11 11 13 11 11 11 11 11 11 11 11 11 11 11 11 11 11 11 11 11 11 11 13 11 11 11 11 11 11 11
11 11 11 13 11 11 13 11 11 11 11 7 7 2 1 1 1 2 11 11 11 11 11 11 11 11 11 11 11 13 11 11 11 11 11 11 11 11 11 11 11 11 11 11 13 11 11 11 11 11
11 11 11 11 11 11 11 11 11 11 11 11 11 2 6 14 8 2 11 11 11 11 11 11 11 11 11 11 11 11 11 11 11 11 11 13 11 11 11 11 11 11 11 11 11 11 11 11 11 11
11 11 11 11 11 11 11 11 11 11 11 11 11 2 1 1 1 2 11 11 13 11 11 11 11 13 11 11 11 11 11 11 11 11 11 11 11 11 11 11 11 13 11 11 11 11 11 11 11 11
11 11 11 11 11 11 11 11 11 11 11 11 11 2 1 1 1 2 11 11 11 11 11 11 11 11 11 11 11 11 11 11 11 11 11 11 11 11 13 11 11 11 11 11 11 11 11 13 11 11
11 11 11 11 11 11 11 11 11 11 11 11 11 9 6 14 8 2 11 11 11 11 13 11 11 11 11 11 13 11 11 11 11 13 11 11 11 11 11 11 11 13 11 11 11 13 11 11 11 11
11 11 11 11 11 11 11 11 11 11 11 11 11 1 1 1 1 2 11 11 11 11 11 11 11 11 11 11 11 11 11 11 11 11 11 11 13 11 11 11 11 11 11 11 11 11 11 11 11 11
11 11 11 11 11 11 11 11 11 11 11 11 11 1 1 1 1 9 11 13 11 11 11 11 11 11 11 11 11 11 11 13 11 11 11 11 11 11 11 11 11 11 11 11 11 11 11 11 11 11
0 0 0 0 0 0 0 0 11 11 11 11 0 0 0 0 0 0 11 11 11 11 11 13 11 11 11 11 11 11 11 11 11 11 11 11 11 11 11 11 13 11 11 11 11 13 11 11 11 11
11 7 7 7 7 7 7 11 11 11 11 11 11 7 7 7 7 7 11 11 11 11 11 11 11 11 11 11 11 13 11 11 11 11 11 13 11 11 11 11 11 11 11 11 11 11 11 11 11 11
11 11 7 7 7 7 11 11 11 11 11 11 11 11 7 7 7 11 11 11 11 11 11 11 11 11 11 11 11 11 11 11 11 11 11 11 11 11 11 11 11 11 11 11 11 11 11 11 11 11