20 12
8 1 1 1 22 22 22 22 43 43 43 43 57 56 57 56 1 33 34 1
1 1 1 1 18 23 18 23 26 26 26 26 66 67 56 57 1 39 35 1
5 5 5 1 20 23 18 23 26 26 31 31 49 49 57 56 1 1 1 1
5 5 5 62 64 64 64 64 64 64 64 62 64 64 64 64 63 1 1 44
1 9 1 71 23 23 23 23 23 23 23 71 23 23 23 23 65 34 1 1
7 4 1 71 23 23 23 23 23 23 23 71 23 23 23 23 65 35 1 1
1 4 1 71 23 23 23 23 23 23 23 71 23 23 23 23 65 1 1 1
14 0 0 71 23 23 23 23 23 23 23 71 23 23 23 23 65 1 1 44
2 2 2 71 23 23 23 23 23 23 23 71 23 23 23 23 65 44 1 1
2 2 2 68 70 70 70 70 70 70 70 68 70 70 70 70 69 1 1 1
13 13 13 13 21 21 21 21 42 25 38 25 47 53 53 53 33 40 40 34
13 13 13 13 21 21 21 21 28 28 28 28 48 60 53 53 39 58 58 35