70 40
3 2 1 3 2 1 3 2 1 3 2 1 3 2 1 3 2 1 3 2 1 3 2 1 3 2 1 3 2 1 3 2 1 3 2 1 3 2 1 3 2 1 3 2 1 3 2 1 3 2 1 3 2 1 3 2 1 3 2 1 3 2 1 3 2 1 3 2 1 3
0 0 0 0 0 0 0 0 0 0 0 0 8 16 0 0 0 0 0 0 0 0 0 0 0 0 0 0 0 0 0 0 0 0 0 0 0 0 0 0 0 0 0 0 0 0 0 0 0 0 0 0 0 0 0 0 0 0 0 0 0 0 0 0 0 0 0 0 0 0
0 0 0 0 0 0 0 0 0 0 0 0 16 16 0 0 0 0 0 0 0 0 0 0 0 0 0 0 0 0 0 0 0 0 0 0 0 0 0 0 0 0 0 0 0 0 0 0 0 0 0 0 24 8 8 24 8 8 24 0 0 0 0 0 0 0 0 0 0 24
8 8 0 0 0 0 0 0 0 0 0 24 16 16 24 0 0 0 0 0 0 0 0 0 0 0 24 8 0 0 0 0 0 0 0 0 0 0 0 0 0 0 0 0 0 0 0 0 0 8 24 8 16 16 16 16 16 16 16 0 0 0 0 0 0 0 0 0 0 16
16 16 24 0 0 0 0 0 0 0 0 16 16 16 16 8 8 8 0 0 0 0 0 0 8 8 16 16 0 0 0 0 0 0 0 0 0 8 8 8 0 0 0 0 0 24 8 8 8 16 16 16 16 21 21 21 21 21 16 8 8 24 0 0 0 0 0 0 8 16
21 21 16 8 0 0 0 0 0 0 0 16 16 21 16 16 16 16 24 0 0 0 0 24 16 16 16 16 24 8 0 0 0 0 0 0 24 16 16 16 24 0 8 24 8 16 16 16 16 16 21 21 21 21 21 21 21 21 21 16 16 16 0 0 0 0 0 24 16 16
21 21 16 16 8 8 24 8 8 0 0 16 21 21 21 21 21 16 16 8 24 8 8 16 16 16 16 16 16 16 24 8 24 8 8 8 16 16 16 16 16 8 16 16 16 16 21 21 21 21 21 14 14 14 14 21 21 21 21 21 21 16 8 24 8 8 24 16 16 16
21 21 14 14 14 14 14 14 14 10 10 14 21 21 21 21 21 21 14 14 14 14 14 14 14 14 14 14 14 14 14 14 14 14 14 14 14 14 14 14 14 14 14 21 21 21 21 21 21 14 14 14 22 22 14 21 21 21 14 14 21 14 14 14 14 14 14 14 14 14
21 21 14 22 22 22 22 22 22 5 5 22 14 21 21 21 21 21 21 21 21 21 21 21 21 21 21 21 21 21 21 21 21 21 21 21 21 21 21 21 21 21 21 21 14 14 14 14 14 14 22 22 5 5 22 14 21 21 21 21 21 21 21 21 21 21 21 21 14 22
21 21 14 5 5 5 5 5 5 5 5 5 14 14 21 21 21 21 21 21 21 21 21 21 14 14 14 14 21 21 21 21 21 21 21 21 21 21 21 21 21 21 21 14 22 22 22 22 22 22 5 5 5 5 5 21 21 21 21 21 14 14 14 14 14 14 14 14 22 5
21 21 14 5 5 5 5 5 5 5 5 5 22 14 14 14 21 21 21 21 21 21 14 14 14 22 22 14 14 21 21 21 14 14 14 14 14 14 14 14 21 21 21 14 5 15 5 5 5 5 15 5 5 15 14 21 21 21 14 14 22 22 22 22 22 22 22 22 5 5
21 21 14 5 5 5 5 15 5 5 5 5 5 22 22 14 14 21 21 21 21 21 14 22 22 5 5 22 14 14 14 14 22 22 22 22 22 22 22 22 14 21 21 21 14 14 5 15 5 5 14 14 14 14 21 21 14 14 22 22 5 5 5 5 5 5 5 5 5 5
21 21 21 14 14 14 14 14 14 15 5 5 5 5 5 22 14 21 21 21 14 14 14 5 5 5 5 5 22 22 22 22 5 5 5 5 5 5 5 5 22 14 21 21 14 14 14 14 14 14 14 21 21 21 21 21 14 22 5 5 5 5 5 5 5 5 5 5 5 15
21 21 21 21 21 21 21 21 21 14 5 5 5 5 5 15 14 21 21 14 14 22 22 5 5 5 5 5 5 5 5 5 5 5 5 5 5 5 5 5 5 22 14 21 21 21 21 21 21 21 21 21 21 21 21 21 14 15 5 5 5 5 5 5 5 5 5 5 15 14
21 21 21 21 21 21 21 21 21 14 5 5 5 5 5 14 21 21 21 14 22 5 5 5 5 5 5 5 5 5 5 5 5 15 14 14 15 5 5 5 5 5 22 14 21 21 21 21 21 21 21 21 21 21 21 21 14 14 5 5 5 5 5 5 5 5 5 15 14 21
21 21 14 14 14 14 14 14 14 22 5 5 5 5 15 14 21 21 21 14 5 5 5 5 5 5 5 5 5 5 5 5 5 14 21 21 14 5 5 5 5 5 5 22 14 14 14 14 14 14 14 14 21 21 21 21 21 14 14 15 5 15 5 5 5 15 5 14 21 21
21 14 22 22 22 22 22 22 22 5 5 5 5 5 14 14 21 21 21 14 5 5 5 5 5 5 5 5 5 5 5 15 14 21 21 21 21 14 15 5 5 5 5 5 22 22 22 22 22 22 22 14 21 21 21 21 21 21 21 14 14 14 14 14 14 14 14 14 21 21
14 14 5 5 5 5 5 5 5 5 5 5 15 14 14 21 21 21 21 14 5 5 5 5 5 5 5 5 5 5 5 14 21 21 21 21 21 21 14 5 5 5 5 5 5 5 5 5 5 5 5 14 21 21 21 21 21 21 21 21 21 21 21 21 21 21 21 14 14 21
14 22 5 5 5 5 5 15 5 5 15 5 14 14 21 21 21 21 21 14 15 5 5 5 5 5 5 5 5 15 14 21 21 21 21 21 21 21 21 14 15 5 5 5 15 5 5 5 5 5 5 22 14 14 21 21 21 21 21 21 21 13 13 21 21 21 21 21 21 14
14 5 5 5 5 15 14 14 14 14 14 14 14 21 21 21 21 21 21 14 14 15 5 5 5 5 5 5 5 14 21 21 21 21 21 21 21 21 21 21 14 14 14 14 14 14 14 15 5 5 5 5 22 14 21 21 21 21 21 21 13 20 20 13 13 21 21 21 21 21
14 5 5 5 5 14 21 21 21 21 21 21 21 21 21 21 21 21 21 21 14 14 15 5 5 5 5 5 14 21 21 21 21 21 21 21 21 21 21 21 21 21 21 21 21 21 21 14 5 5 5 5 5 14 21 21 21 21 21 13 20 18 18 20 20 13 21 21 21 21
13 17 17 17 17 13 12 12 12 12 12 12 12 12 13 13 13 13 12 12 13 13 13 17 17 17 17 17 13 12 12 12 12 12 12 12 12 12 12 12 12 12 12 12 12 12 12 13 17 17 17 17 17 13 12 12 12 12 13 20 18 18 18 18 18 13 12 12 12 12
13 18 18 18 18 20 13 13 13 12 12 12 12 13 20 20 13 13 13 12 12 12 13 11 18 18 18 18 20 13 12 12 12 12 12 12 12 12 12 12 13 13 13 13 13 13 13 20 18 18 18 18 18 13 12 12 12 13 20 18 18 18 18 18 18 20 13 12 12 12
13 11 18 18 18 18 20 20 20 13 13 13 13 20 18 18 20 20 13 12 12 12 13 13 18 18 18 18 18 20 13 12 12 12 12 12 12 12 12 13 20 20 20 20 20 20 20 18 18 18 18 18 11 13 12 12 13 20 18 18 18 18 18 18 18 18 20 13 12 12
13 13 11 18 18 18 18 18 18 20 20 20 20 18 18 18 18 18 13 13 12 12 12 13 11 18 18 18 18 18 20 13 12 12 12 12 12 12 13 20 18 18 18 18 18 18 18 18 18 18 18 11 13 12 12 13 20 18 18 18 18 18 18 18 18 18 18 20 13 12
12 13 13 18 18 18 18 18 18 18 18 18 18 18 18 18 18 18 20 13 12 12 12 13 13 18 18 18 18 18 18 20 13 12 12 12 12 13 20 18 18 18 18 18 18 18 11 18 18 11 18 13 12 12 13 20 18 18 18 18 18 18 18 18 18 18 18 18 13 12
12 13 12 13 11 18 18 11 18 18 18 11 18 18 18 18 18 18 18 13 12 12 12 12 13 18 18 18 18 18 18 18 20 13 12 12 13 20 18 18 18 18 18 11 13 13 13 13 13 13 13 12 12 13 20 18 18 18 18 18 18 18 18 18 18 18 18 18 13 12
12 12 12 12 13 13 13 13 13 13 13 13 13 13 11 18 18 18 18 13 12 12 12 12 13 18 18 18 18 18 18 18 18 13 12 12 13 11 18 18 18 18 18 13 12 12 12 12 12 12 12 12 13 20 18 18 18 18 18 18 18 18 18 18 18 18 18 18 13 12
12 12 12 12 12 12 12 12 12 12 12 12 12 12 13 18 18 18 18 13 12 12 12 12 13 18 18 18 18 18 18 18 11 13 12 12 13 13 11 18 18 18 18 20 13 13 13 13 13 13 13 13 20 18 18 18 18 18 18 18 18 18 18 18 18 18 18 11 13 12
12 12 12 13 13 13 13 13 13 13 13 13 13 13 20 18 18 18 18 13 12 12 12 13 20 18 18 18 18 18 18 11 13 13 12 12 12 12 13 18 18 18 18 18 20 20 20 20 20 20 20 20 18 18 18 18 18 18 18 11 18 18 18 18 18 18 11 13 12 12
12 12 13 20 20 20 20 20 20 20 20 20 20 20 18 18 18 18 18 13 12 12 13 20 18 18 18 18 18 18 18 13 13 12 12 12 12 12 13 11 18 18 18 18 18 18 18 18 18 18 18 18 18 18 18 18 18 18 18 13 13 13 13 11 11 11 13 12 12 12
12 13 20 18 18 18 18 18 18 18 18 18 18 18 18 18 18 18 11 13 12 12 13 18 18 18 18 18 18 11 13 13 12 12 12 12 12 12 12 13 18 18 18 18 18 18 18 18 18 18 18 18 18 18 18 18 18 11 13 12 12 12 12 13 13 13 13 12 12 12
12 13 18 18 18 18 18 11 18 18 18 18 11 18 18 18 18 11 13 12 12 12 13 18 18 18 18 18 18 13 13 12 12 12 12 12 12 12 12 13 11 18 18 18 18 18 18 18 18 18 18 18 18 18 18 18 18 13 12 12 12 12 12 12 12 12 12 13 13 12
12 13 18 18 11 13 13 13 13 13 13 13 13 13 13 13 13 13 13 12 12 13 20 18 18 18 18 11 13 13 12 12 12 12 12 12 12 12 12 12 13 11 18 18 18 11 11 18 18 11 18 18 18 18 11 11 13 12 12 12 12 12 13 13 13 13 13 20 20 13
12 13 18 18 13 12 12 12 12 12 12 12 12 12 12 12 12 12 12 12 13 13 18 18 18 18 18 13 13 12 12 12 12 12 12 12 12 12 12 12 13 13 13 13 13 13 13 13 13 13 13 13 13 13 13 13 13 12 12 12 13 13 13 20 20 20 20 18 11 13
12 13 18 18 20 13 13 13 13 13 13 13 13 13 13 13 13 13 13 13 20 20 18 18 18 11 13 13 12 12 12 12 13 13 13 12 12 12 12 12 13 12 12 12 12 12 12 12 12 12 12 12 12 12 12 12 12 12 12 12 13 20 20 18 18 18 18 11 13 13
12 13 18 18 18 20 20 20 20 20 20 20 20 20 20 20 20 20 20 20 18 18 18 18 18 13 13 12 12 12 12 12 13 20 13 13 13 12 12 12 13 12 12 12 12 12 12 12 12 12 12 12 12 12 12 12 12 12 12 12 20 18 18 18 18 18 11 13 13 13
12 12 11 18 18 18 18 18 18 18 18 18 18 18 18 18 18 18 18 18 18 18 18 18 11 13 12 12 12 12 13 13 20 18 20 20 13 13 13 13 13 12 12 12 12 12 12 12 12 12 13 13 13 13 13 12 12 12 12 12 18 18 18 18 18 11 13 13 13 13
12 13 13 11 18 18 18 11 18 18 18 11 18 18 18 11 18 18 18 18 11 18 11 13 13 12 12 12 12 13 13 20 18 18 18 18 20 20 20 20 13 12 12 12 12 12 12 12 13 13 20 20 20 20 20 13 13 12 12 12 11 11 11 11 11 13 13 13 13 13
12 12 12 13 13 13 13 13 13 13 13 13 13 13 13 13 13 13 13 13 13 13 13 13 12 12 12 12 12 13 20 18 18 18 18 18 18 18 18 18 13 12 12 12 12 12 12 12 13 20 18 18 18 18 18 20 13 12 12 12 13 13 13 13 13 13 13 13 13 13